%YAML:1.0
R: !!opencv-matrix
   rows: 3
   cols: 3
   dt: d
   data: [ 9.9970759786943619e-01, 5.2199973381908023e-03,
       -2.3610810869406262e-02, -4.7770409630802958e-03,
       9.9981225821901076e-01, 1.8778397019960279e-02,
       2.3704401316182715e-02, -1.8660116365968385e-02,
       9.9954484712565550e-01 ]
T: !!opencv-matrix
   rows: 3
   cols: 1
   dt: d
   data: [ -3.3265128043075642e+00, 4.8077032100573409e-02,
       -1.1029859640308773e-01 ]
R1: !!opencv-matrix
   rows: 3
   cols: 3
   dt: d
   data: [ 9.9990874190446843e-01, -9.8422566142117637e-03,
       9.2540719557940992e-03, 9.7556305104640178e-03,
       9.9990860612602550e-01, 9.3598647667691107e-03,
       -9.3453483812168895e-03, -9.2687312966181004e-03,
       9.9991337378984235e-01 ]
R2: !!opencv-matrix
   rows: 3
   cols: 3
   dt: d
   data: [ 9.9934649376191842e-01, -1.4443237193607905e-02,
       3.3135755689728083e-02, 1.4751304208957488e-02,
       9.9985004171355940e-01, -9.0715549675125205e-03,
       -3.2999764088474312e-02, 9.5544222621250143e-03,
       9.9940969005975844e-01 ]
P1: !!opencv-matrix
   rows: 3
   cols: 4
   dt: d
   data: [ 4.1821828754606747e+02, 0., 3.2116642761230469e+02, 0., 0.,
       4.1821828754606747e+02, 2.4155219650268555e+02, 0., 0., 0., 1.,
       0. ]
P2: !!opencv-matrix
   rows: 3
   cols: 4
   dt: d
   data: [ 4.1821828754606747e+02, 0., 3.2116642761230469e+02,
       -1.3921182464757956e+03, 0., 4.1821828754606747e+02,
       2.4155219650268555e+02, 0., 0., 0., 1., 0. ]
Q: !!opencv-matrix
   rows: 4
   cols: 4
   dt: d
   data: [ 1., 0., 0., -3.2116642761230469e+02, 0., 1., 0.,
       -2.4155219650268555e+02, 0., 0., 0., 4.1821828754606747e+02, 0.,
       0., 3.0041865237008725e-01, 0. ]
