%YAML:1.0
M1: !!opencv-matrix
   rows: 3
   cols: 3
   dt: d
   data: [ 5.3195493612669748e+02, 0., 3.3428278039542863e+02, 0.,
       5.3195493612669748e+02, 2.4066059799254515e+02, 0., 0., 1. ]
D1: !!opencv-matrix
   rows: 1
   cols: 8
   dt: d
   data: [ -2.8006516576800639e-01, -3.3913113722238784e-02, 0., 0., 0.,
       0., 0., -3.6687707565086813e-01 ]
M2: !!opencv-matrix
   rows: 3
   cols: 3
   dt: d
   data: [ 5.3195493612669748e+02, 0., 3.3382218866713805e+02, 0.,
       5.3195493612669748e+02, 2.4166928531168264e+02, 0., 0., 1. ]
D2: !!opencv-matrix
   rows: 1
   cols: 8
   dt: d
   data: [ -2.9189495359289436e-01, 1.3505882428932378e-01, 0., 0., 0.,
       0., 0., 7.0593067943444041e-02 ]
